Данил 1185 0 1 0 1 0 0 0 0 0;Вадим 1225 1 0 0 0 1 0 0 1 0;АнтонМ 1185 0 1 0 1 0 0 0 0 0;АнтонБ 1225 1 0 0 0 1 0 0 1 0;Дима 1200 0 0 0 0 0 0 0 0 0;Егор 1200 0 0 0 0 0 0 0 0 0;Олег 1225 1 0 0 0 1 0 0 1 0;Гриша 1185 0 1 0 1 0 0 0 0 0;Иванка 1200 0 0 0 0 0 0 0 0 0;Влад 1200 0 0 0 0 0 0 0 0 0;Никита 1200 0 0 0 0 0 0 0 0 0;Саша 1185 0 1 0 1 0 0 0 0 0;--

Данил 1170 0 2 0 2 0 0 0 0 0;Вадим 1253 2 0 0 0 2 0 0 2 0;АнтонМ 1170 0 2 0 2 0 0 0 0 0;АнтонБ 1208 1 1 0 1 1 0 0 1 0;Дима 1225 1 0 0 0 1 0 0 1 0;Егор 1200 0 0 0 0 0 0 0 0 0;Олег 1208 1 1 0 1 1 0 0 1 0;Гриша 1213 1 1 0 1 1 0 0 1 0;Иванка 1200 0 0 0 0 0 0 0 0 0;Влад 1200 0 0 0 0 0 0 0 0 0;Никита 1200 0 0 0 0 0 0 0 0 0;Саша 1185 0 1 0 1 0 0 0 0 0;--

Данил 1155 0 3 0 3 0 0 0 0 0;Вадим 1289 3 0 0 0 3 0 0 3 0;АнтонМ 1155 0 3 0 3 0 0 0 0 0;АнтонБ 1193 1 2 0 2 1 0 0 1 0;Дима 1210 1 1 0 1 1 0 0 1 0;Егор 1200 0 0 0 0 0 0 0 0 0;Олег 1235 2 1 0 1 2 0 0 2 0;Гриша 1241 2 1 0 1 2 0 0 2 0;Иванка 1200 0 0 0 0 0 0 0 0 0;Влад 1200 0 0 0 0 0 0 0 0 0;Никита 1200 0 0 0 0 0 0 0 0 0;Саша 1185 0 1 0 1 0 0 0 0 0;--

Данил 1140 0 4 0 4 0 0 0 0 0;Вадим 1268 3 1 0 1 3 0 0 3 0;АнтонМ 1140 0 4 0 4 0 0 0 0 0;АнтонБ 1214 2 2 0 2 2 0 1 1 0;Дима 1210 1 1 0 1 1 0 0 1 0;Егор 1200 0 0 0 0 0 0 0 0 0;Олег 1260 3 1 0 1 3 0 0 2 0;Гриша 1267 3 1 0 1 3 0 0 2 0;Иванка 1200 0 0 0 0 0 0 0 0 0;Влад 1200 0 0 0 0 0 0 0 0 0;Никита 1185 0 1 0 1 0 0 0 0 0;Саша 1185 0 1 0 1 0 0 0 0 0;--

Данил 1168 1 4 0 4 0 0 0 0 0;Вадим 1298 4 1 0 1 3 0 0 3 0;АнтонМ 1125 0 5 0 4 0 1 1 0 0;АнтонБ 1236 3 2 0 2 2 0 1 1 0;Дима 1210 1 1 0 1 1 0 0 1 0;Егор 1200 0 0 0 0 0 0 0 0 0;Олег 1242 3 2 0 1 3 1 0 2 0;Гриша 1297 4 1 0 1 3 0 0 2 0;Иванка 1200 0 0 0 0 0 0 0 0 0;Влад 1200 0 0 0 0 0 0 0 0 0;Никита 1170 0 2 0 1 0 1 0 0 0;Саша 1185 0 1 0 1 0 0 0 0 0;--

Данил 1153 1 5 0 4 0 1 0 0 0;Вадим 1327 5 1 0 1 3 0 0 3 0;АнтонМ 1125 0 5 0 4 0 1 1 0 0;АнтонБ 1256 4 2 0 2 2 0 1 1 0;Дима 1233 2 1 0 1 1 0 0 1 0;Егор 1200 0 0 0 0 0 0 0 0 0;Олег 1227 3 3 0 1 3 2 1 2 0;Гриша 1276 4 2 0 1 3 1 0 2 0;Иванка 1200 0 0 0 0 0 0 0 0 0;Влад 1200 0 0 0 0 0 0 0 0 0;Никита 1170 0 2 0 1 0 1 0 0 0;Саша 1185 0 1 0 1 0 0 0 0 0;Юра 1225 1 0 0 0 0 0 0 0 0;--

Данил 1185 2 5 0 4 0 1 0 0 0;Вадим 1360 6 1 0 1 3 0 0 3 0;АнтонМ 1125 0 5 0 4 0 1 1 0 0;АнтонБ 1241 4 3 0 2 2 1 1 1 0;Дима 1218 2 2 0 1 1 1 0 1 0;Егор 1200 0 0 0 0 0 0 0 0 0;Олег 1212 3 4 0 1 3 3 2 2 0;Гриша 1301 5 2 0 1 3 1 0 2 0;Иванка 1200 0 0 0 0 0 0 0 0 0;Влад 1200 0 0 0 0 0 0 0 0 0;Никита 1170 0 2 0 1 0 1 0 0 0;Саша 1185 0 1 0 1 0 0 0 0 0;Юра 1247 2 0 0 0 0 0 0 0 0;--

Данил 1170 2 6 0 4 0 2 0 0 0;Вадим 1333 6 2 0 1 3 1 1 3 0;АнтонМ 1125 0 5 0 4 0 1 1 0 0;АнтонБ 1262 5 3 0 2 2 1 1 1 0;Дима 1242 3 2 0 1 1 1 0 1 0;Егор 1200 0 0 0 0 0 0 0 0 0;Олег 1237 4 4 0 1 3 3 2 2 0;Гриша 1328 6 2 0 1 3 1 0 2 0;Иванка 1185 0 1 0 0 0 1 0 0 0;Влад 1200 0 0 0 0 0 0 0 0 0;Никита 1170 0 2 0 1 0 1 0 0 0;Саша 1185 0 1 0 1 0 0 0 0 0;Юра 1247 2 0 0 0 0 0 0 0 0;--

Данил 1155 2 7 0 5 0 2 0 0 0;Вадим 1376 7 2 0 1 4 1 1 4 0;АнтонМ 1125 0 5 0 4 0 1 1 0 0;АнтонБ 1247 5 4 0 3 2 1 1 1 0;Дима 1268 4 2 0 1 2 1 0 2 0;Егор 1200 0 0 0 0 0 0 0 0 0;Олег 1262 5 4 0 1 4 3 2 3 0;Гриша 1307 6 3 0 2 3 1 0 2 0;Иванка 1170 0 2 0 1 0 1 0 0 0;Влад 1200 0 0 0 0 0 0 0 0 0;Никита 1170 0 2 0 1 0 1 0 0 0;Саша 1185 0 1 0 1 0 0 0 0 0;Юра 1247 2 0 0 0 0 0 0 0 0;--

Данил 1193 3 7 0 5 1 2 0 0 0;Вадим 1345 7 3 0 2 4 1 1 4 0;АнтонМ 1125 0 5 0 4 0 1 1 0 0;АнтонБ 1271 6 4 0 3 3 1 1 1 0;Дима 1289 5 2 0 1 3 1 1 2 0;Егор 1200 0 0 0 0 0 0 0 0 0;Олег 1244 5 5 0 2 4 3 2 3 0;Гриша 1283 6 4 0 3 3 1 0 2 0;Иванка 1155 0 3 0 2 0 1 0 0 0;Влад 1200 0 0 0 0 0 0 0 0 0;Никита 1170 0 2 0 1 0 1 0 0 0;Саша 1185 0 1 0 1 0 0 0 0 0;Юра 1247 2 0 0 0 0 0 0 0 0;--

Данил 1178 3 8 0 6 1 2 0 0 0;Вадим 1391 8 3 0 2 5 1 1 5 0;АнтонМ 1125 0 5 0 4 0 1 1 0 0;АнтонБ 1303 7 4 0 3 4 1 1 2 0;Дима 1274 5 3 0 2 3 1 1 2 0;Егор 1200 0 0 0 0 0 0 0 0 0;Олег 1271 6 5 0 2 5 3 2 4 0;Гриша 1268 6 5 0 4 3 1 0 2 0;Иванка 1140 0 4 0 3 0 1 0 0 0;Влад 1200 0 0 0 0 0 0 0 0 0;Никита 1170 0 2 0 1 0 1 0 0 0;Саша 1185 0 1 0 1 0 0 0 0 0;Юра 1247 2 0 0 0 0 0 0 0 0;--

Данил 1163 3 9 0 6 1 3 0 0 0;Вадим 1411 9 3 0 2 5 1 1 5 0;АнтонМ 1110 0 6 0 4 0 2 1 0 0;АнтонБ 1339 8 4 0 3 4 1 1 2 0;Дима 1274 5 3 0 2 3 1 1 2 0;Егор 1221 1 0 0 0 0 0 0 0 0;Олег 1303 7 5 0 2 5 3 2 4 0;Гриша 1253 6 6 0 4 3 2 1 2 0;Иванка 1140 0 4 0 3 0 1 0 0 0;Влад 1200 0 0 0 0 0 0 0 0 0;Никита 1170 0 2 0 1 0 1 0 0 0;Саша 1185 0 1 0 1 0 0 0 0 0;Юра 1247 2 0 0 0 0 0 0 0 0;Вова 1221 1 0 0 0 0 0 0 0 0;--

Данил 1148 3 10 0 7 1 3 0 0 0;Вадим 1465 10 3 0 2 6 1 1 6 0;АнтонМ 1162 1 6 0 4 1 2 1 1 0;АнтонБ 1315 8 5 0 4 4 1 1 2 0;Дима 1274 5 3 0 2 3 1 1 2 0;Егор 1206 1 1 0 1 0 0 0 0 0;Олег 1282 7 6 0 3 5 3 2 4 0;Гриша 1238 6 7 0 5 3 2 1 2 0;Иванка 1140 0 4 0 3 0 1 0 0 0;Влад 1200 0 0 0 0 0 0 0 0 0;Никита 1170 0 2 0 1 0 1 0 0 0;Саша 1185 0 1 0 1 0 0 0 0 0;Юра 1247 2 0 0 0 0 0 0 0 0;Вова 1252 2 0 0 0 1 0 0 1 0;--

Данил 1187 4 10 0 7 1 3 0 0 1;Вадим 1490 11 3 0 2 6 1 1 6 1;АнтонМ 1147 1 7 0 4 1 3 1 1 0;АнтонБ 1297 8 6 0 4 4 2 1 2 0;Дима 1274 5 3 0 2 3 1 1 2 0;Егор 1191 1 2 0 1 0 1 0 0 0;Олег 1317 8 6 0 3 5 3 2 4 1;Гриша 1264 7 7 0 5 3 2 1 2 1;Иванка 1140 0 4 0 3 0 1 0 0 0;Влад 1200 0 0 0 0 0 0 0 0 0;Никита 1170 0 2 0 1 0 1 0 0 0;Саша 1185 0 1 0 1 0 0 0 0 0;Юра 1247 2 0 0 0 0 0 0 0 0;Вова 1281 3 0 0 0 1 0 0 1 1;--

Данил 1228 5 10 0 7 1 3 0 0 2;Вадим 1453 11 4 0 2 6 2 1 6 1;АнтонМ 1132 1 8 0 4 1 4 1 1 0;АнтонБ 1325 9 6 0 4 4 2 1 2 1;Дима 1274 5 3 0 2 3 1 1 2 0;Егор 1176 1 3 0 1 0 2 0 0 0;Олег 1349 9 6 0 3 5 3 2 4 2;Гриша 1291 8 7 0 5 3 2 1 2 2;Иванка 1140 0 4 0 3 0 1 0 0 0;Влад 1200 0 0 0 0 0 0 0 0 0;Никита 1170 0 2 0 1 0 1 0 0 0;Саша 1185 0 1 0 1 0 0 0 0 0;Юра 1247 2 0 0 0 0 0 0 0 0;Вова 1306 4 0 0 0 1 0 0 1 2;--

Данил 1262 6 10 0 7 2 3 0 0 2;Вадим 1416 11 5 0 3 6 2 1 6 1;АнтонМ 1181 2 8 0 4 2 4 1 1 0;АнтонБ 1298 9 7 0 5 4 2 1 2 1;Дима 1274 5 3 0 2 3 1 1 2 0;Егор 1161 1 4 0 2 0 2 0 0 0;Олег 1320 9 7 0 4 5 3 2 4 2;Гриша 1316 9 7 0 5 4 2 2 2 2;Иванка 1140 0 4 0 3 0 1 0 0 0;Влад 1200 0 0 0 0 0 0 0 0 0;Никита 1170 0 2 0 1 0 1 0 0 0;Саша 1185 0 1 0 1 0 0 0 0 0;Юра 1247 2 0 0 0 0 0 0 0 0;Вова 1306 4 0 0 0 1 0 0 1 2;--

